1.0
1.0
1.0
1.0
1.0
0.9999
1.0
1.0
0.9999
0.9993
0.9996
0.9999
1.0
0.9977
0.9995
1.0
0.9985
0.9998
0.9998
0.9981
0.9953
0.9988
0.9941
0.9962
0.9884
0.9946
0.9855
0.9864
0.9959
0.9816
0.9717
0.9575
0.9562
0.9497
0.9465
0.9307
0.9334
0.9002
0.8873
0.8654
0.8906
0.7989
0.7896
0.7543
0.7373
0.7728
0.6264
0.6011
0.5228
0.4697
0.5455
0.4508
0.4207
0.4119
0.3078
0.2941
0.2513
0.1916
0.2049
0.1408
0.1549
0.1223
0.067
0.0576
0.0655
0.0458
0.0332
0.0443
0.023
0.029
0.0216
0.014
0.0106
0.0198
0.0078
0.0036
0.0112
0.0061
0.0019
0.0032
0.0028
0.002
0.0007
0.0011
0.0002
0.0003
0.0001
0.0004
0.0
0.0
0.0
0.0
0.0
0.0009
0.0
0.0
0.0
0.0
0.0
0.0
