0.9989
0.9981
0.9979
0.9982
0.9975
0.9982
0.9964
0.9957
0.9954
0.993
0.9931
0.9915
0.9896
0.9903
0.9874
0.9804
0.9797
0.977
0.9704
0.9694
0.9653
0.9582
0.9543
0.9472
0.9459
0.9348
0.9266
0.9199
0.9108
0.8966
0.888
0.8733
0.8579
0.8434
0.8263
0.8141
0.7984
0.7772
0.7672
0.7416
0.7215
0.6975
0.6683
0.6607
0.6394
0.6227
0.5789
0.5604
0.5248
0.5194
0.4828
0.4557
0.4385
0.4196
0.3937
0.3684
0.3473
0.3214
0.2977
0.2789
0.2578
0.2441
0.2182
0.2042
0.1825
0.1687
0.1567
0.1439
0.1206
0.1197
0.1011
0.0984
0.0839
0.0761
0.0632
0.0573
0.0547
0.0443
0.0408
0.0381
0.0284
0.0259
0.024
0.0211
0.0186
0.0133
0.0104
0.0108
0.0103
0.009
0.0058
0.0053
0.0048
0.0036
0.0025
0.003
0.0021
0.0013
0.0015
0.001
