0.9372
0.933
0.9354
0.9296
0.9277
0.9241
0.925
0.9231
0.9145
0.9151
0.9123
0.9072
0.9065
0.9036
0.893
0.8983
0.8845
0.8796
0.8752
0.8725
0.8641
0.8556
0.8543
0.8417
0.8227
0.8184
0.8147
0.8113
0.7922
0.7837
0.7683
0.7703
0.7506
0.74
0.7263
0.7119
0.7038
0.6818
0.6767
0.6551
0.6396
0.6303
0.622
0.6016
0.5851
0.5617
0.5559
0.5414
0.5284
0.5143
0.4991
0.4826
0.4551
0.4438
0.4248
0.4143
0.4081
0.3896
0.3628
0.3507
0.3387
0.3282
0.3135
0.2976
0.2823
0.2769
0.27
0.2562
0.234
0.225
0.2089
0.2037
0.1944
0.188
0.1773
0.1702
0.1601
0.1516
0.1484
0.1363
0.1292
0.1296
0.1188
0.1198
0.1053
0.1041
0.0913
0.0935
0.0901
0.0921
0.0845
0.0875
0.0791
0.0746
0.073
0.0677
0.0701
0.0687
0.0679
0.0665
