0.935
0.926
0.931
0.932
0.925
0.94
0.916
0.909
0.913
0.915
0.901
0.911
0.903
0.899
0.904
0.876
0.891
0.88
0.873
0.874
0.851
0.844
0.847
0.842
0.831
0.821
0.801
0.772
0.782
0.775
0.778
0.75
0.75
0.719
0.746
0.732
0.719
0.686
0.671
0.657
0.659
0.645
0.603
0.597
0.575
0.583
0.561
0.533
0.534
0.513
0.479
0.485
0.436
0.479
0.43
0.403
0.408
0.379
0.374
0.361
0.333
0.335
0.329
0.314
0.305
0.285
0.252
0.25
0.218
0.219
0.208
0.227
0.197
0.197
0.174
0.159
0.171
0.143
0.15
0.141
0.137
0.131
0.132
0.11
0.112
0.112
0.086
0.095
0.084
0.09
0.085
0.078
0.07
0.083
0.079
0.075
0.069
0.08
0.052
0.075
