1.0
1.0
1.0
1.0
1.0
1.0
1.0
1.0
1.0
1.0
1.0
1.0
1.0
0.999
1.0
1.0
1.0
0.97
1.0
1.0
1.0
1.0
1.0
0.991
1.0
0.987
0.921
0.98
0.927
0.966
0.998
0.997
0.994
0.934
0.953
0.984
0.967
0.889
0.935
0.925
0.906
0.863
0.71
0.688
0.774
0.592
0.604
0.43
0.691
0.432
0.345
0.292
0.331
0.567
0.332
0.385
0.512
0.273
0.237
0.169
0.106
0.088
0.01
0.089
0.014
0.165
0.025
0.0
0.012
0.011
0.007
0.0
0.032
0.0
0.024
0.001
0.0
0.0
0.015
0.0
0.0
0.0
0.0
0.001
0.0
0.0
0.0
0.0
0.003
0.0
0.0
0.0
0.0
0.0
0.0
0.0
0.0
0.0
0.0
0.0
