0.997
1.0
0.996
0.998
0.994
0.999
0.995
0.996
0.995
0.993
0.994
0.992
0.984
0.984
0.988
0.983
0.98
0.979
0.971
0.969
0.971
0.955
0.96
0.954
0.938
0.922
0.939
0.912
0.9
0.873
0.892
0.879
0.846
0.87
0.815
0.81
0.792
0.785
0.757
0.775
0.71
0.697
0.676
0.678
0.643
0.627
0.561
0.557
0.544
0.512
0.493
0.466
0.46
0.428
0.387
0.365
0.338
0.32
0.29
0.293
0.249
0.224
0.216
0.207
0.206
0.194
0.163
0.138
0.122
0.116
0.101
0.081
0.069
0.071
0.063
0.061
0.046
0.049
0.044
0.037
0.033
0.031
0.027
0.022
0.017
0.016
0.012
0.007
0.009
0.006
0.003
0.004
0.006
0.003
0.003
0.002
0.003
0.003
0.002
0.001
